0 0.160000 0.628889 0.250000 0.160000
0 0.212500 0.422222 0.241667 0.124444
0 0.330000 0.322222 0.346667 0.111111
0 0.555000 0.500000 0.086667 0.080000
0 0.655000 0.594444 0.176667 0.188889
0 0.452500 0.873333 0.301667 0.253333
0 0.667500 0.432222 0.155000 0.126667
0 0.756667 0.364444 0.243333 0.155556
0 0.831667 0.306667 0.056667 0.053333
0 0.852500 0.287778 0.105000 0.126667
0 0.463333 0.265556 0.236667 0.077778
0 0.050833 0.431111 0.098333 0.120000
0 0.760000 0.184444 0.080000 0.048889
0 0.636667 0.174444 0.116667 0.095556
0 0.847500 0.115556 0.305000 0.075556
