0 0.053053 0.512685 0.074074 0.175476
0 0.136136 0.501057 0.088088 0.156448
0 0.052553 0.282241 0.049049 0.116279
0 0.122122 0.258985 0.068068 0.120507
0 0.253754 0.525370 0.133133 0.145877
0 0.342843 0.382664 0.113113 0.219873
0 0.358859 0.597252 0.095095 0.234672
0 0.460460 0.565539 0.138138 0.217759
0 0.528028 0.868922 0.107107 0.194503
0 0.601101 0.901691 0.067067 0.196617
0 0.665666 0.845666 0.082082 0.156448
0 0.757758 0.556025 0.082082 0.131078
0 0.840340 0.465116 0.109109 0.147992
0 0.904905 0.615222 0.118118 0.177590
0 0.902903 0.875264 0.088088 0.164905
0 0.783283 0.893235 0.035035 0.145877
0 0.979980 0.890063 0.040040 0.131078
0 0.276276 0.967230 0.054054 0.065539
0 0.378879 0.953488 0.037037 0.093023
0 0.157658 0.698732 0.077077 0.162791
