0 0.438965 0.732422 0.219727 0.170573
0 0.089844 0.672526 0.177734 0.154948
0 0.145996 0.581380 0.116211 0.063802
0 0.180664 0.536458 0.105469 0.052083
0 0.254883 0.474609 0.101562 0.042969
0 0.316895 0.444661 0.118164 0.045573
0 0.284668 0.406901 0.166992 0.032552
0 0.409180 0.362630 0.162109 0.061198
0 0.629395 0.480469 0.172852 0.049479
0 0.418457 0.513021 0.133789 0.065104
0 0.421387 0.617188 0.122070 0.083333
0 0.565918 0.563151 0.139648 0.050781
0 0.593750 0.661458 0.171875 0.119792
0 0.729004 0.518229 0.092773 0.067708
0 0.658691 0.851562 0.125977 0.132812
0 0.554688 0.343750 0.080078 0.023438
0 0.520996 0.411458 0.083008 0.044271
0 0.606934 0.343099 0.036133 0.032552
0 0.507812 0.332682 0.066406 0.029948
0 0.495117 0.310547 0.087891 0.014323
