0 0.117708 0.814815 0.104167 0.188889
0 0.217188 0.898148 0.094792 0.122222
0 0.334896 0.723148 0.117708 0.112963
0 0.352604 0.903704 0.105208 0.111111
0 0.370833 0.971296 0.097917 0.057407
0 0.361979 0.525000 0.090625 0.075926
0 0.413542 0.535185 0.041667 0.070370
0 0.432292 0.744444 0.108333 0.125926
0 0.484896 0.875926 0.136458 0.129630
0 0.577083 0.771296 0.125000 0.112963
0 0.511979 0.519444 0.123958 0.124074
0 0.456250 0.584259 0.033333 0.105556
0 0.788021 0.693519 0.363542 0.261111
0 0.625000 0.945370 0.137500 0.109259
0 0.918229 0.898148 0.163542 0.181481
0 0.656771 0.464815 0.101042 0.133333
0 0.127604 0.559259 0.126042 0.070370
0 0.364063 0.459259 0.067708 0.077778
0 0.540625 0.416667 0.060417 0.033333
0 0.407292 0.385185 0.068750 0.055556
