0 0.067194 0.857820 0.110672 0.175355
0 0.378129 0.803318 0.134387 0.156398
0 0.196970 0.809242 0.180501 0.196682
0 0.287879 0.422986 0.064559 0.049763
0 0.341238 0.586493 0.079051 0.087678
0 0.233202 0.675355 0.060606 0.109005
0 0.583663 0.702607 0.129117 0.106635
0 0.685771 0.465640 0.069829 0.082938
0 0.680501 0.616114 0.098814 0.109005
0 0.756258 0.572275 0.079051 0.068720
0 0.176548 0.374408 0.060606 0.061611
0 0.214756 0.348341 0.050066 0.080569
0 0.308300 0.372038 0.050066 0.071090
0 0.370224 0.386256 0.047431 0.056872
0 0.375494 0.433649 0.063241 0.075829
0 0.338603 0.490521 0.123847 0.061611
0 0.468379 0.238152 0.164690 0.163507
0 0.450593 0.600711 0.081686 0.106635
0 0.540843 0.587678 0.072464 0.080569
0 0.553360 0.522512 0.079051 0.054502
0 0.408432 0.687204 0.079051 0.075829
0 0.771410 0.363744 0.064559 0.045024
0 0.779315 0.671801 0.104084 0.125592
0 0.762846 0.194313 0.047431 0.094787
0 0.833333 0.549763 0.072464 0.071090
0 0.886693 0.522512 0.079051 0.097156
0 0.895257 0.716825 0.148880 0.244076
0 0.898551 0.463270 0.028986 0.059242
0 0.895916 0.393365 0.042161 0.052133
0 0.895916 0.334123 0.089592 0.042654
0 0.841897 0.200237 0.063241 0.073460
