0 0.419811 0.379863 0.103774 0.132723
0 0.617138 0.431350 0.165094 0.180778
0 0.502358 0.516018 0.073899 0.075515
0 0.390723 0.720824 0.287736 0.384439
0 0.698899 0.806636 0.256289 0.308924
0 0.861635 0.605263 0.276730 0.226545
0 0.919025 0.876430 0.158805 0.247140
0 0.772799 0.429062 0.136792 0.093822
0 0.485849 0.278032 0.163522 0.135011
0 0.681604 0.312357 0.183962 0.116705
0 0.892296 0.411899 0.073899 0.091533
0 0.496855 0.163616 0.106918 0.048055
0 0.445755 0.196796 0.077044 0.045767
0 0.713050 0.263158 0.127358 0.041190
0 0.940252 0.383295 0.106918 0.075515
