0 0.581875 0.817416 0.271250 0.264045
0 0.575625 0.511236 0.173750 0.213483
0 0.648750 0.414794 0.150000 0.080524
0 0.399375 0.389513 0.098750 0.044944
0 0.390625 0.427903 0.093750 0.058052
0 0.105625 0.757491 0.133750 0.151685
0 0.664375 0.342697 0.121250 0.059925
0 0.541875 0.374532 0.146250 0.044944
0 0.360625 0.348315 0.068750 0.056180
0 0.470625 0.332397 0.076250 0.039326
0 0.551250 0.324906 0.070000 0.054307
0 0.586875 0.305243 0.111250 0.033708
0 0.553125 0.275281 0.068750 0.041199
0 0.408750 0.279963 0.085000 0.065543
0 0.628750 0.234082 0.115000 0.052434
0 0.460625 0.253745 0.068750 0.043071
0 0.535000 0.215356 0.087500 0.089888
