0 0.349923 0.529959 0.153549 0.109504
0 0.516397 0.470300 0.133873 0.097624
0 0.515818 0.542614 0.108025 0.075930
0 0.518519 0.869060 0.270833 0.225723
0 0.753279 0.722882 0.177855 0.128616
0 0.840278 0.525568 0.229167 0.114153
0 0.830440 0.417355 0.150849 0.100207
0 0.700810 0.318440 0.134645 0.106921
0 0.424961 0.297779 0.106867 0.031508
0 0.458912 0.361829 0.062886 0.034607
0 0.430941 0.173554 0.226080 0.042355
0 0.292631 0.207386 0.102238 0.035640
0 0.330633 0.251550 0.080247 0.046488
0 0.252122 0.126291 0.060571 0.021178
0 0.256944 0.154959 0.068673 0.043388
0 0.389468 0.106147 0.064429 0.031508
