0 0.289931 0.711589 0.142361 0.118490
0 0.446181 0.801432 0.329861 0.196615
0 0.643229 0.677083 0.144097 0.117188
0 0.329861 0.615885 0.065972 0.067708
0 0.374132 0.466146 0.164931 0.065104
0 0.346354 0.418620 0.119792 0.050781
0 0.385417 0.507161 0.048611 0.048177
0 0.700521 0.570964 0.116319 0.066406
0 0.949653 0.518880 0.100694 0.079427
0 0.525174 0.422526 0.078125 0.029948
0 0.850694 0.462891 0.090278 0.042969
0 0.912326 0.434245 0.060764 0.035156
0 0.758681 0.376302 0.118056 0.033854
0 0.808160 0.419922 0.137153 0.053385
0 0.463542 0.345703 0.166667 0.084635
0 0.862847 0.661458 0.138889 0.057292
0 0.616319 0.307943 0.079861 0.053385
0 0.540799 0.264323 0.053819 0.033854
0 0.061632 0.235026 0.074653 0.024740
0 0.114583 0.214193 0.065972 0.022135
0 0.039062 0.250000 0.067708 0.026042
0 0.143229 0.200521 0.050347 0.018229
0 0.169271 0.191406 0.064236 0.018229
0 0.341146 0.256510 0.057292 0.018229
0 0.458333 0.220703 0.038194 0.006510
0 0.331597 0.274089 0.062500 0.014323
