0 0.386480 0.176871 0.130102 0.077098
0 0.388393 0.489796 0.218112 0.222222
0 0.062500 0.538549 0.119898 0.120181
0 0.072704 0.835601 0.099490 0.156463
0 0.433673 0.826531 0.191327 0.319728
0 0.742985 0.671202 0.409439 0.276644
0 0.605230 0.854875 0.121173 0.190476
0 0.551020 0.391156 0.119898 0.061224
0 0.432398 0.325397 0.112245 0.092971
0 0.482143 0.249433 0.140306 0.072562
0 0.418367 0.226757 0.112245 0.054422
0 0.654337 0.261905 0.147959 0.088435
0 0.678571 0.176871 0.114796 0.045351
0 0.271684 0.277778 0.084184 0.074830
0 0.511480 0.201814 0.076531 0.077098
0 0.415179 0.111111 0.154337 0.040816
0 0.386480 0.141723 0.086735 0.038549
0 0.606505 0.117914 0.105867 0.036281
0 0.593750 0.155329 0.059949 0.034014
0 0.190689 0.216553 0.065051 0.043084
0 0.908163 0.464853 0.063776 0.104308
0 0.804847 0.352608 0.102041 0.129252
