0 0.138281 0.399306 0.275000 0.295833
0 0.367578 0.418750 0.144531 0.104167
0 0.267969 0.486806 0.075000 0.123611
0 0.090625 0.694444 0.167187 0.202778
0 0.374609 0.554167 0.130469 0.183333
0 0.321484 0.804167 0.188281 0.366667
0 0.484766 0.604167 0.113281 0.097222
0 0.614062 0.758333 0.129688 0.169444
0 0.726172 0.557639 0.142969 0.129167
0 0.875000 0.884028 0.250000 0.229167
0 0.798438 0.695139 0.104688 0.123611
0 0.491016 0.400694 0.088281 0.081944
0 0.410156 0.295833 0.039062 0.027778
0 0.434766 0.313194 0.046094 0.018056
0 0.514844 0.331944 0.060937 0.036111
0 0.638672 0.379861 0.069531 0.048611
0 0.673047 0.438194 0.069531 0.054167
0 0.605859 0.428472 0.083594 0.068056
0 0.543750 0.484028 0.104688 0.051389
0 0.562500 0.547917 0.096875 0.093056
0 0.499219 0.231250 0.051562 0.076389
