0 0.040625 0.643510 0.079167 0.149909
0 0.091667 0.542048 0.085417 0.053016
0 0.089583 0.592322 0.029167 0.043876
0 0.189062 0.719378 0.109375 0.126143
0 0.223438 0.565814 0.111458 0.159049
0 0.337500 0.511883 0.081250 0.047532
0 0.418229 0.478062 0.092708 0.045704
0 0.429688 0.620658 0.153125 0.126143
0 0.751563 0.626143 0.496875 0.319927
0 0.439063 0.409506 0.128125 0.043876
0 0.534375 0.799817 0.041667 0.049360
0 0.604688 0.800731 0.053125 0.084095
0 0.579167 0.850091 0.052083 0.054845
0 0.270313 0.716636 0.073958 0.047532
0 0.327604 0.728519 0.040625 0.053016
