0 0.088872 0.461433 0.094281 0.179063
0 0.129830 0.647383 0.092736 0.137741
0 0.069552 0.774105 0.098918 0.126722
0 0.209428 0.522039 0.103555 0.201102
0 0.365533 0.440771 0.109737 0.148760
0 0.323029 0.588154 0.064915 0.090909
0 0.336167 0.683196 0.078825 0.137741
0 0.487635 0.789256 0.295209 0.316804
0 0.475270 0.414601 0.115920 0.151515
0 0.502318 0.553719 0.083462 0.121212
0 0.428903 0.606061 0.060278 0.060606
0 0.586553 0.465565 0.060278 0.077135
0 0.596600 0.533058 0.040185 0.074380
0 0.674652 0.422865 0.146832 0.179063
0 0.659196 0.581267 0.057187 0.110193
0 0.783617 0.714876 0.145286 0.261708
0 0.833849 0.607438 0.069552 0.079890
0 0.877898 0.506887 0.068006 0.093664
0 0.950541 0.544077 0.080371 0.074380
0 0.920402 0.658402 0.088099 0.203857
0 0.883308 0.365014 0.119011 0.162534
