0 0.249254 0.325000 0.134328 0.081818
0 0.038060 0.463636 0.067164 0.090909
0 0.082090 0.420455 0.041791 0.031818
0 0.063433 0.536364 0.079104 0.040909
0 0.122388 0.612500 0.044776 0.047727
0 0.183582 0.653409 0.053731 0.061364
0 0.242537 0.593182 0.064179 0.050000
0 0.158209 0.527273 0.065672 0.072727
0 0.186567 0.461364 0.086567 0.059091
0 0.114179 0.365909 0.052239 0.059091
0 0.120149 0.217045 0.141791 0.052273
0 0.138060 0.273864 0.055224 0.052273
0 0.292537 0.255682 0.047761 0.052273
0 0.320896 0.398864 0.086567 0.065909
0 0.342537 0.482955 0.097015 0.075000
0 0.453731 0.544318 0.101493 0.084091
0 0.406716 0.261364 0.156716 0.136364
0 0.395522 0.100000 0.053731 0.068182
0 0.388060 0.173864 0.065672 0.061364
0 0.535821 0.190909 0.146269 0.118182
0 0.615672 0.137500 0.055224 0.043182
0 0.597015 0.088636 0.065672 0.054545
0 0.486567 0.057955 0.098507 0.079545
0 0.296269 0.062500 0.052239 0.047727
0 0.624627 0.570455 0.362687 0.795455
0 0.885075 0.643182 0.229851 0.290909
0 0.922388 0.330682 0.155224 0.206818
0 0.900000 0.281818 0.083582 0.077273
0 0.801493 0.293182 0.071642 0.100000
0 0.901493 0.471591 0.077612 0.093182
0 0.976119 0.464773 0.047761 0.061364
0 0.909701 0.162500 0.052239 0.125000
0 0.785821 0.226136 0.052239 0.065909
0 0.757463 0.071591 0.061194 0.070455
0 0.829851 0.085227 0.044776 0.043182
0 0.950746 0.212500 0.038806 0.056818
0 0.990299 0.181818 0.019403 0.068182
