0 0.220000 0.378519 0.226667 0.096296
0 0.389583 0.215556 0.077500 0.099259
0 0.472500 0.250370 0.106667 0.077037
0 0.518750 0.434074 0.264167 0.151111
0 0.181667 0.797037 0.260000 0.207407
0 0.365000 0.605926 0.175000 0.210370
0 0.607917 0.677778 0.214167 0.220741
0 0.730000 0.336296 0.148333 0.121481
0 0.666250 0.213333 0.095833 0.080000
0 0.542500 0.182222 0.103333 0.077037
0 0.797500 0.258519 0.148333 0.087407
0 0.817500 0.200741 0.120000 0.057778
0 0.673333 0.165926 0.068333 0.059259
0 0.649167 0.131111 0.110000 0.081481
0 0.900417 0.136296 0.167500 0.082963
