0 0.354167 0.458564 0.197917 0.180479
0 0.370833 0.634438 0.147917 0.108656
0 0.265104 0.311234 0.105208 0.081031
0 0.218229 0.192449 0.148958 0.160221
0 0.537500 0.523941 0.158333 0.149171
0 0.666667 0.504604 0.122917 0.143646
0 0.706771 0.636280 0.096875 0.149171
0 0.796875 0.569061 0.075000 0.066298
0 0.646354 0.367403 0.142708 0.152855
0 0.864062 0.365562 0.271875 0.163904
0 0.839063 0.203499 0.321875 0.208103
0 0.665104 0.213628 0.048958 0.084715
0 0.479167 0.333333 0.064583 0.073665
0 0.335417 0.864641 0.108333 0.093923
0 0.334375 0.053407 0.072917 0.069982
0 0.392188 0.036832 0.036458 0.055249
