0 0.352051 0.849121 0.395508 0.288086
0 0.667480 0.617188 0.266602 0.226562
0 0.344727 0.451172 0.443359 0.171875
0 0.685059 0.383301 0.137695 0.071289
0 0.882812 0.449219 0.128906 0.107422
0 0.579102 0.347168 0.166016 0.077148
0 0.481445 0.292480 0.203125 0.071289
0 0.218750 0.237305 0.203125 0.046875
0 0.242188 0.290527 0.119141 0.047852
0 0.330566 0.158203 0.250977 0.048828
0 0.400391 0.212891 0.095703 0.044922
0 0.465332 0.185059 0.084961 0.034180
0 0.657227 0.198730 0.236328 0.086914
0 0.624023 0.111328 0.173828 0.054688
0 0.698730 0.135742 0.094727 0.042969
0 0.526855 0.056641 0.139648 0.035156
0 0.761719 0.062500 0.218750 0.078125
0 0.923340 0.758789 0.090820 0.093750
0 0.978027 0.518555 0.043945 0.056641
0 0.796387 0.948730 0.194336 0.102539
