0 0.191045 0.494457 0.241791 0.093126
0 0.311940 0.614191 0.232836 0.119734
0 0.400000 0.464523 0.170149 0.077605
0 0.308955 0.355876 0.205970 0.095344
0 0.585075 0.735033 0.194030 0.095344
0 0.759701 0.895787 0.444776 0.208426
0 0.699254 0.559867 0.171642 0.148559
0 0.867164 0.572062 0.119403 0.075388
0 0.577612 0.429047 0.098507 0.059867
0 0.505224 0.537694 0.079104 0.108647
0 0.555224 0.383592 0.074627 0.048780
0 0.243284 0.251663 0.131343 0.077605
0 0.421642 0.334812 0.067164 0.053215
0 0.516418 0.347007 0.077612 0.046563
0 0.655224 0.305987 0.071642 0.066519
0 0.792537 0.270510 0.086567 0.053215
0 0.741045 0.238359 0.064179 0.046563
