0 0.477344 0.665972 0.434375 0.173611
0 0.259375 0.749306 0.106250 0.073611
0 0.399609 0.827083 0.121094 0.084722
0 0.570312 0.835417 0.143750 0.115278
0 0.580859 0.700694 0.177344 0.126389
0 0.456250 0.440972 0.167187 0.101389
0 0.232422 0.426389 0.094531 0.097222
0 0.782031 0.861111 0.150000 0.119444
0 0.821484 0.217361 0.130469 0.084722
0 0.862891 0.105556 0.152344 0.088889
0 0.914453 0.056250 0.136719 0.070833
0 0.678125 0.047222 0.173437 0.072222
0 0.620313 0.109722 0.100000 0.100000
0 0.494531 0.191667 0.098437 0.113889
