0 0.279605 0.666276 0.311842 0.133489
0 0.461842 0.743560 0.184211 0.124122
0 0.569079 0.672131 0.119737 0.103044
0 0.553947 0.531616 0.157895 0.093677
0 0.684868 0.628806 0.140789 0.058548
0 0.764474 0.789227 0.192105 0.103044
0 0.801316 0.902810 0.076316 0.081967
0 0.198026 0.814988 0.138158 0.084309
0 0.084868 0.530445 0.053947 0.091335
0 0.235526 0.477752 0.055263 0.079625
0 0.310526 0.422717 0.076316 0.030445
0 0.461184 0.432084 0.117105 0.072600
0 0.512500 0.457845 0.075000 0.039813
0 0.648026 0.498829 0.090789 0.079625
0 0.260526 0.365340 0.055263 0.042155
0 0.216447 0.339578 0.072368 0.032787
0 0.081579 0.401639 0.036842 0.030445
