0 0.237500 0.398058 0.095000 0.126214
0 0.371250 0.453883 0.087500 0.072816
0 0.337500 0.526699 0.110000 0.092233
0 0.477500 0.665049 0.155000 0.155340
0 0.525000 0.839806 0.115000 0.174757
0 0.577500 0.531553 0.075000 0.111650
0 0.478750 0.497573 0.072500 0.082524
0 0.592500 0.381068 0.075000 0.111650
0 0.356250 0.337379 0.082500 0.072816
0 0.347500 0.288835 0.080000 0.072816
0 0.268750 0.218447 0.072500 0.067961
0 0.215000 0.276699 0.065000 0.058252
0 0.142500 0.300971 0.080000 0.067961
0 0.501250 0.201456 0.112500 0.072816
0 0.747500 0.252427 0.055000 0.067961
0 0.715000 0.388350 0.070000 0.097087
0 0.907500 0.126214 0.165000 0.155340
0 0.586250 0.089806 0.067500 0.053398
0 0.330000 0.109223 0.035000 0.043689
0 0.397500 0.138350 0.075000 0.033981
0 0.430000 0.116505 0.035000 0.029126
