0 0.512698 0.876059 0.314286 0.247881
0 0.190476 0.762712 0.168254 0.093220
0 0.230952 0.650424 0.192063 0.088983
0 0.303175 0.528602 0.139683 0.061441
0 0.440476 0.494703 0.074603 0.048729
0 0.792063 0.617585 0.111111 0.082627
0 0.862698 0.739407 0.192063 0.076271
0 0.944444 0.872881 0.111111 0.148305
0 0.942063 0.542373 0.115873 0.118644
0 0.773016 0.415254 0.082540 0.029661
0 0.394444 0.435381 0.252381 0.065678
0 0.442063 0.362288 0.106349 0.046610
0 0.473810 0.323093 0.109524 0.048729
0 0.338889 0.379237 0.055556 0.033898
0 0.442063 0.406780 0.068254 0.025424
0 0.620635 0.328390 0.047619 0.038136
